image: map_levering.pgm
resolution: 0.100000
origin: [-50.049995, -50.049995, 0.000000]
negate: 0
occupied_thresh: 0.65
free_thresh: 0.196

