image: map_hackerman.pgm
resolution: 0.080000
origin: [-16.040001, -16.040001, 0.000000]
negate: 0
occupied_thresh: 0.65
free_thresh: 0.196

