frame_id: world
latitude: 39.326465
longitude: -76.621554
